i roll pitch yaw
1 1.0e-45 0.0 3.8709358e-32 
2 -0.00085605675 7.37889e-5 -0.00057643803 
3 -0.0016751813 0.00014439438 -0.0011280072 
4 -0.0028305864 0.000243986 -0.0019060158 
5 -0.0037053796 0.00031938992 -0.0024950705 
6 -0.004426491 0.0003884478 -0.003036839 
7 -0.005183963 0.0004609878 -0.003605925 
8 -0.005947658 0.0005341237 -0.004179686 
9 -0.006829299 0.0006185548 -0.0048420597 
10 -0.0075438265 0.0006869822 -0.0053788815 
11 -0.008301452 0.00075953687 -0.0059480825 
12 -0.0090497155 0.00083119504 -0.0065102507 
13 -0.009841568 0.0009070275 -0.0071051666 
14 -0.010554685 0.0009753198 -0.007640929 
15 -0.011344724 0.0010805863 -0.00822324 
16 -0.012112974 0.0011829496 -0.008789491 
17 -0.012885237 0.0012858476 -0.0093587 
18 -0.013684139 0.001392295 -0.009947544 
19 -0.014429116 0.0014915573 -0.0104966415 
20 -0.01524221 0.0015998957 -0.011095946 
21 -0.016038928 0.0017060521 -0.01168318 
22 -0.016802868 0.0018078412 -0.012246255 
23 -0.017547794 0.0019070967 -0.012795314 
24 -0.01828195 0.0019324872 -0.013362768 
25 -0.019080995 0.001960122 -0.013980378 
26 -0.01980222 0.0019850654 -0.014537838 
27 -0.020543585 0.0020107052 -0.015110864 
28 -0.021360632 0.0020389624 -0.01574239 
29 -0.022160895 0.0020666393 -0.01636094 
30 -0.022958271 0.0020942162 -0.01697726 
31 -0.023716288 0.002120432 -0.017563157 
32 -0.024540422 0.0022038668 -0.018158555 
33 -0.025352782 0.0022861094 -0.018745445 
34 -0.026343608 0.00238642 -0.01946127 
35 -0.0274867 0.002502146 -0.0202871 
36 -0.028313717 0.0025858725 -0.020884579 
37 -0.029154982 0.0026710415 -0.021492353 
38 -0.030001348 0.002756727 -0.02210381 
39 -0.031180749 0.0028761285 -0.02295587 
40 -0.032113504 0.0029818327 -0.023675933 
41 -0.032941192 0.0030756304 -0.024314888 
42 -0.033753872 0.003167727 -0.024942255 
43 -0.03452661 0.0032552977 -0.02553879 
44 -0.035347126 0.0033482828 -0.026172208 
45 -0.03615519 0.0034398567 -0.026796015 
46 -0.036975905 0.0035328644 -0.027429586 
47 -0.0378258 0.0036291785 -0.028085683 
48 -0.038654763 0.0037593034 -0.028652655 
49 -0.03946065 0.0038858058 -0.029203845 
50 -0.04036382 0.0040275785 -0.02982157 
51 -0.04117238 0.004154501 -0.030374588 
52 -0.042003002 0.0042848857 -0.030942693 
53 -0.042803638 0.0044105635 -0.03149029 
54 -0.043642297 0.0045422106 -0.032063894 
55 -0.04447976 0.00467367 -0.03263668 
56 -0.045265164 0.004796957 -0.03317386 
57 -0.04610879 0.004845341 -0.033722743 
58 -0.04695121 0.004893656 -0.03427084 
59 -0.04782886 0.004943991 -0.03484186 
60 -0.04870475 0.004994225 -0.035411738 
61 -0.04991497 0.005063634 -0.036199138 
62 -0.05079582 0.0051141526 -0.03677224 
63 -0.051670287 0.005164305 -0.037341192 
64 -0.05254383 0.005214405 -0.03790954 
65 -0.053285282 0.0052664746 -0.038464412 
66 -0.054098707 0.0053235986 -0.039073143 
67 -0.05542561 0.0054167826 -0.040066138 
68 -0.056209464 0.00547183 -0.040652737 
69 -0.05701991 0.005528745 -0.04125924 
70 -0.057821326 0.0055850255 -0.041858982 
71 -0.05853963 0.005635469 -0.042396527 
72 -0.059319444 0.005690233 -0.042980105 
73 -0.060100395 0.0057501723 -0.04356924 
74 -0.06090292 0.0058117677 -0.044174653 
75 -0.061726835 0.005875005 -0.044796202 
76 -0.062454488 0.0059308535 -0.045345135 
77 -0.06321363 0.0059891194 -0.045917824 
78 -0.06399135 0.0060488107 -0.046504524 
79 -0.06482164 0.006112537 -0.04713088 
80 -0.0655566 0.0061689466 -0.047685325 
81 -0.06651417 0.006373153 -0.048257414 
82 -0.067522794 0.0065882457 -0.048860002 
83 -0.06855785 0.0068089757 -0.049478386 
84 -0.07023016 0.0071656024 -0.050477486 
85 -0.07120508 0.0073735076 -0.05105994 
86 -0.07221158 0.0075881467 -0.051661257 
87 -0.0734822 0.007859113 -0.052420378 
88 -0.07480213 0.008140594 -0.053208955 
89 -0.076168746 0.008899823 -0.05357554 
90 -0.07735748 0.009560229 -0.053894415 
91 -0.07864607 0.010276111 -0.054240074 
92 -0.07980402 0.010919412 -0.05455069 
93 -0.08112415 0.011652817 -0.054904807 
94 -0.08284865 0.012610872 -0.0553674 
95 -0.08444349 0.013496891 -0.055795208 
96 -0.08567723 0.014182299 -0.05612615 
97 -0.08673557 0.013631848 -0.056354277 
98 -0.0881924 0.012874136 -0.0566683 
99 -0.08924302 0.012327702 -0.05689476 
100 -0.09030103 0.011777418 -0.057122815 
101 -0.09129375 0.0112610925 -0.0573368 
102 -0.09233664 0.010718676 -0.057561595 
103 -0.09373619 0.00999076 -0.05786327 
104 -0.09598723 0.0067698276 -0.057932552 
105 -0.0972191 0.0050071846 -0.057970464 
106 -0.0985989 0.0030328855 -0.058012933 
107 -0.10008062 0.0009127499 -0.058058538 
108 -0.10139004 -0.00096085924 -0.058098838 
109 -0.10265834 -0.00277562 -0.05813787 
110 -0.103996344 -0.004690124 -0.05817905 
111 -0.105640166 -0.007042213 -0.058229644 
112 -0.10651931 -0.0070477924 -0.05818669 
113 -0.10737809 -0.007053243 -0.058144733 
114 -0.10820856 -0.007058514 -0.058104157 
115 -0.10929042 -0.00706538 -0.0580513 
116 -0.11009664 -0.0070704967 -0.058011908 
117 -0.110966675 -0.0070760185 -0.0579694 
118 -0.11183283 -0.0070815156 -0.05792708 
119 -0.11297995 -0.007088796 -0.057871033 
120 -0.11491615 -0.0057152184 -0.05805899 
121 -0.11745206 -0.003916196 -0.05830516 
122 -0.11945664 -0.0024941126 -0.05849975 
123 -0.12139849 -0.0011165272 -0.058688253 
124 -0.12301004 2.6734546e-5 -0.058844693 
125 -0.12487113 0.0013470248 -0.059025355 
126 -0.12684363 0.0027463571 -0.059216835 
127 -0.12856284 0.003965999 -0.059383724 
128 -0.13017537 0.00446216 -0.059397954 
129 -0.1315064 0.004871708 -0.0594097 
130 -0.13238409 0.005141768 -0.059417445 
131 -0.1335258 0.005493065 -0.059427522 
132 -0.1346065 0.005825587 -0.05943706 
133 -0.13574134 0.006174767 -0.059447076 
134 -0.13781393 0.0059878924 -0.06025573 
135 -0.13982137 0.005806892 -0.061038963 
136 -0.14086424 0.0057128617 -0.06144586 
137 -0.14193088 0.0056166886 -0.06186202 
138 -0.14354506 0.005471146 -0.062491823 
139 -0.14459828 0.005376183 -0.062902756 
140 -0.14522813 0.0061420044 -0.06308404 
141 -0.14603573 0.0071239434 -0.063316494 
142 -0.14688051 0.008151086 -0.063559644 
143 -0.14794233 0.009442138 -0.063865274 
144 -0.14856185 0.010195393 -0.06404359 
145 -0.14927338 0.011060532 -0.06424839 
146 -0.15189205 0.010689718 -0.0658343 
147 -0.15578136 0.0101389745 -0.068189725 
148 -0.15817042 0.009800674 -0.069636576 
149 -0.16128981 0.009358955 -0.07152573 
150 -0.16358542 0.009033885 -0.07291599 
151 -0.16626719 0.008654135 -0.07454011 
152 -0.16938514 0.009323543 -0.075867295 
153 -0.17310439 0.010122048 -0.07745043 
154 -0.1762282 0.010792712 -0.078780115 
155 -0.1789322 0.011373249 -0.0799311 
156 -0.1817624 0.011980874 -0.0811358 
157 -0.18397723 0.012456387 -0.08207857 
158 -0.18433926 0.01497504 -0.08261191 
159 -0.18463254 0.017015431 -0.08304398 
160 -0.18508461 0.020160615 -0.08370999 
161 -0.18555123 0.0234069 -0.08439742 
162 -0.18595828 0.02623882 -0.0849971 
163 -0.18664199 0.025909409 -0.08710549 
164 -0.18760598 0.025444964 -0.09007817 
165 -0.18846875 0.025029281 -0.09273875 
166 -0.18955192 0.024507413 -0.096078955 
167 -0.19032681 0.02413407 -0.098468535 
168 -0.1902981 0.023144316 -0.1008003 
169 -0.19026221 0.021907669 -0.10371371 
170 -0.1902261 0.020662596 -0.10664698 
171 -0.19018582 0.01927422 -0.10991785 
172 -0.1933346 0.02176798 -0.1116942 
173 -0.19975412 0.026852088 -0.11531571 
174 -0.20438837 0.030522304 -0.117930084 
175 -0.20753406 0.03301362 -0.1197047 
176 -0.2100075 0.028094435 -0.11996777 
177 -0.2118566 0.024416942 -0.12016445 
178 -0.21354812 0.021052847 -0.120344356 
179 -0.21539238 0.017384976 -0.12054051 
180 -0.21767901 0.012837316 -0.12078371 
181 -0.21886273 0.01602674 -0.11771248 
182 -0.22005416 0.01923695 -0.114621244 
183 -0.22058749 0.020673968 -0.113237485 
184 -0.22026311 0.016824853 -0.10907923 
185 -0.22013651 0.01532259 -0.10745631 
186 -0.21997677 0.013427206 -0.1054087 
187 -0.21983129 0.01170098 -0.10354383 
188 -0.2196722 0.009813362 -0.10150461 
189 -0.22247383 0.007373579 -0.0997612 
190 -0.22728479 0.0031839698 -0.096767426 
191 -0.23054719 0.00034292415 -0.09473729 
192 -0.23444225 -0.003049078 -0.09231346 
193 -0.23784715 -0.006014226 -0.09019465 
194 -0.23992 -0.00040482823 -0.088178694 
195 -0.24142596 0.0036704773 -0.086714074 
196 -0.24375649 0.009977171 -0.08444752 
197 -0.24531071 0.014183098 -0.08293596 
198 -0.24684599 0.018337788 -0.08144281 
199 -0.2501404 0.01606249 -0.08033805 
200 -0.25382587 0.013517105 -0.07910215 
201 -0.2564634 0.011695474 -0.07821767 
202 -0.2602655 0.009069533 -0.07694266 
203 -0.26239637 0.009172643 -0.076421015 
204 -0.26678178 0.009384845 -0.07534745 
205 -0.26928 0.009505729 -0.07473589 
206 -0.2719533 0.009635087 -0.07408145 
207 -0.2748574 0.009775612 -0.07337052 
208 -0.27556407 0.009541423 -0.07437769 
209 -0.27636915 0.009274621 -0.07552514 
210 -0.27702162 0.009058395 -0.07645507 
211 -0.27475762 0.0043718615 -0.07332203 
212 -0.27315623 0.001056887 -0.0711059 
213 -0.2711324 -0.0031325018 -0.06830521 
214 -0.2697018 -0.006093874 -0.06632547 
215 -0.27153647 -0.00027666287 -0.06516978 
216 -0.2734499 0.0057903305 -0.063964464 
217 -0.27600068 0.013878274 -0.06235765 
218 -0.27817497 0.020772392 -0.06098801 
219 -0.27847123 0.014715593 -0.058705244 
220 -0.2787108 0.009817572 -0.056859218 
221 -0.27900556 0.0037918193 -0.054588154 
222 -0.27932325 -0.0027026916 -0.05214042 
223 -0.27964842 -0.009350213 -0.049635015 
224 -0.28102103 -0.008752973 -0.048426475 
225 -0.2830826 -0.007855959 -0.046611335 
226 -0.2856696 -0.006730328 -0.044333577 
227 -0.2872714 -0.006033361 -0.042923238 
228 -0.28775963 -0.0027559788 -0.042134907 
229 -0.2887277 0.003742716 -0.040571734 
230 -0.2892463 0.0072239563 -0.039734367 
231 -0.29026595 0.014069086 -0.038087863 
232 -0.29266453 0.009485753 -0.035724103 
233 -0.2951581 0.0047209277 -0.03326674 
234 -0.29731184 0.0006054011 -0.031144243 
235 -0.30032146 -0.0051455707 -0.028178295 
236 -0.30257228 0.0010129106 -0.02650828 
237 -0.30468068 0.0067816786 -0.024943944 
238 -0.30598503 0.010350497 -0.023976175 
239 -0.30749887 0.014492543 -0.022852963 
240 -0.3092775 0.019359045 -0.021533297 
241 -0.310567 0.022887237 -0.020576546 
242 -0.31356815 0.023448138 -0.021966096 
243 -0.3171455 0.024116728 -0.023622435 
244 -0.3216886 0.024965815 -0.025725925 
245 -0.32644275 0.025854347 -0.027927136 
246 -0.33024883 0.026565688 -0.029689379 
247 -0.33123726 0.026508765 -0.030669665 
248 -0.33205596 0.026461616 -0.031481642 
249 -0.33315992 0.026398038 -0.03257653 
250 -0.33456936 0.02631687 -0.03397437 
251 -0.3355213 0.026262049 -0.034918476 
252 -0.3357938 0.025517689 -0.036548663 
253 -0.33600032 0.024953479 -0.037784312 
254 -0.33628073 0.02418751 -0.03946182 
255 -0.33653885 0.023482408 -0.041006032 
256 -0.3368774 0.022557572 -0.043031473 
257 -0.34592807 0.028603848 -0.043840144 
258 -0.3503419 0.031552494 -0.044234518 
259 -0.35510144 0.03473209 -0.04465978 
260 -0.36085668 0.038576867 -0.045174006 
261 -0.36253124 0.039805703 -0.04585379 
262 -0.36451432 0.04126095 -0.046658825 
263 -0.36617425 0.042479064 -0.047332678 
264 -0.36743522 0.043404404 -0.04784457 
265 -0.36750668 0.04293051 -0.047969002 
266 -0.36760265 0.04229426 -0.048136067 
267 -0.3676741 0.041820373 -0.048260495 
268 -0.36775866 0.04125986 -0.04840767 
269 -0.36832917 0.03894657 -0.04933331 
270 -0.36880696 0.037009254 -0.05010851 
271 -0.3690942 0.03584454 -0.05057456 
272 -0.3694763 0.034295227 -0.0511945 
273 -0.36986464 0.03272048 -0.051824618 
274 -0.3722341 0.032330967 -0.052210663 
275 -0.37520564 0.03184248 -0.0526948 
276 -0.37818575 0.031352587 -0.053180337 
277 -0.38332358 0.032163195 -0.05131247 
278 -0.39145616 0.033446293 -0.048355855 
279 -0.3972688 0.034363367 -0.046242658 
280 -0.4030454 0.029838355 -0.0428544 
281 -0.40736836 0.026452007 -0.04031875 
282 -0.41300237 0.022038694 -0.037014127 
283 -0.41828093 0.02155345 -0.033944946 
284 -0.42392996 0.021034148 -0.030660357 
285 -0.42660114 0.020788591 -0.029107215 
286 -0.42919576 0.020550072 -0.027598584 
287 -0.43443373 0.020068558 -0.024553005 
288 -0.4341996 0.017394114 -0.023064723 
289 -0.4338841 0.013790105 -0.021059154 
290 -0.43361586 0.010725662 -0.019353844 
291 -0.43340144 0.00827604 -0.017990671 
292 -0.43316036 0.0055223466 -0.016458288 
293 -0.4347335 0.004800624 -0.014472307 
294 -0.43695223 0.0037827245 -0.011671327 
295 -0.438362 0.003135953 -0.00989159 
296 -0.43965915 0.0025408543 -0.008254042 
297 -0.44096997 0.0019394814 -0.0065992298 
298 -0.43919158 0.0031816429 -0.00666457 
299 -0.43677896 0.00486681 -0.006753213 
300 -0.43494305 0.006149155 -0.0068206666 
301 -0.43282202 0.0076306416 -0.0068985955 
302 -0.42891544 0.010359303 -0.007042128 
303 -0.42940724 0.009196983 -0.0073498935 
304 -0.429813 0.008238014 -0.0076038144 
305 -0.43019596 0.0073328796 -0.00784348 
306 -0.43062532 0.006318109 -0.008112177 
307 -0.43101385 0.00539982 -0.008355327 
308 -0.4345547 0.007877694 -0.007977469 
309 -0.43728784 0.00979034 -0.0076858043 
310 -0.43981376 0.011557976 -0.007416253 
311 -0.4422037 0.013230449 -0.007161213 
312 -0.4456111 0.015614932 -0.006797597 
313 -0.44764945 0.019816674 0.007377309 
314 -0.4502448 0.025166623 0.02542578 
315 -0.45232594 0.029456548 0.03989818 
316 -0.4569019 0.038889207 0.071720004 
317 -0.45609146 0.03881377 0.096237786 
318 -0.45509213 0.038720753 0.1264697 
319 -0.45443946 0.03866 0.14621475 
320 -0.45352173 0.038574576 0.17397855 
321 -0.45248747 0.03847831 0.20526664 
322 -0.45268783 0.039571017 0.23270503 
323 -0.45282942 0.04034318 0.2520945 
324 -0.45300853 0.041319955 0.27662188 
325 -0.45319578 0.042341106 0.30226347 
326 -0.45333183 0.043082993 0.32089263 
327 -0.45522028 0.05097065 0.35281688 
328 -0.45637575 0.055796735 0.3723498 
329 -0.45747885 0.060404085 0.39099744 
330 -0.45955798 0.0690881 0.42614484 
331 -0.4608042 0.07429327 0.44721207 
332 -0.46266657 0.07240281 0.46270406 
333 -0.4657305 0.06929271 0.4881909 
334 -0.4676326 0.06736193 0.50401336 
335 -0.4699136 0.06504653 0.5229877 
336 -0.4714871 0.0634493 0.5360767 
337 -0.47309968 0.06181241 0.5494908 
338 -0.47349885 0.061135028 0.5539097 
339 -0.47399092 0.0603 0.5593571 
340 -0.47453922 0.059369538 0.56542706 
341 -0.4749241 0.058716398 0.5696879 
342 -0.4754355 0.05784854 0.57534945 
343 -0.47591007 0.057043176 0.5806033 
344 -0.47763956 0.05663134 0.5836578 
345 -0.4790063 0.056305885 0.58607167 
346 -0.4801071 0.056043755 0.58801585 
347 -0.48180458 0.05563954 0.59101385 
348 -0.48308188 0.055335376 0.59326977 
349 -0.4843793 0.05502643 0.59556115 
350 -0.4852705 0.05583093 0.5971983 
351 -0.48662767 0.057056062 0.59969145 
352 -0.48805192 0.058341745 0.6023078 
353 -0.4892859 0.05945565 0.60457456 
354 -0.49053735 0.060585357 0.6068735 
355 -0.49232838 0.06060885 0.60891277 
356 -0.49479547 0.06064121 0.6117218 
357 -0.49662042 0.06066515 0.6137997 
358 -0.49824968 0.06068652 0.61565477 
359 -0.500741 0.0607192 0.6184914 
360 -0.50271446 0.060745083 0.6207384 
361 -0.50408083 0.059148274 0.6224165 
362 -0.5054268 0.05757531 0.6240695 
363 -0.5067534 0.056025013 0.62569875 
364 -0.5077441 0.05486727 0.6269154 
365 -0.5090135 0.053383797 0.62847435 
366 -0.51016027 0.05204361 0.62988275 
367 -0.5104124 0.05270721 0.63187534 
368 -0.51060605 0.053216822 0.6334055 
369 -0.51087004 0.053911634 0.6354918 
370 -0.5110854 0.05447839 0.63719356 
371 -0.5114349 0.05539835 0.6399559 
372 -0.5140541 0.05712413 0.64177215 
373 -0.5169873 0.0590568 0.64380616 
374 -0.5192891 0.060573425 0.6454023 
375 -0.52181566 0.06223818 0.64715433 
376 -0.52387697 0.06359637 0.6485837 
377 -0.5247752 0.06266302 0.65057856 
378 -0.52589446 0.061500005 0.65306425 
379 -0.52684015 0.06051735 0.6551645 
380 -0.52830213 0.058998212 0.6584113 
381 -0.5292824 0.057979614 0.6605884 
382 -0.5305747 0.05663679 0.66345835 
383 -0.5343803 0.057572316 0.6653705 
384 -0.5395224 0.05883639 0.66795427 
385 -0.54262954 0.059600208 0.6695155 
386 -0.547204 0.060724746 0.671814 
387 -0.55065167 0.061572272 0.6735464 
388 -0.55247945 0.061303694 0.6747736 
389 -0.5545973 0.06099249 0.67619556 
390 -0.5563648 0.06073277 0.6773823 
391 -0.5596314 0.060252767 0.6795756 
392 -0.5619042 0.059918795 0.6811017 
393 -0.5650883 0.05945092 0.6832396 
394 -0.56516707 0.060381528 0.68451136 
395 -0.565262 0.061503433 0.6860446 
396 -0.5653579 0.06263627 0.68759274 
397 -0.5654715 0.06397775 0.68942606 
398 -0.56555015 0.064907186 0.69069624 
399 -0.5656604 0.066210076 0.6924768 
400 -0.5657587 0.067371376 0.69406384 
401 -0.56527835 0.065694034 0.6954921 
402 -0.56487346 0.06428016 0.696696 
403 -0.56428903 0.06223957 0.6984336 
404 -0.5639197 0.060950022 0.6995316 
405 -0.56362724 0.059928745 0.70040125 
406 -0.56491965 0.059550464 0.7020471 
407 -0.56567097 0.059330557 0.7030039 
408 -0.5662797 0.059152383 0.7037791 
409 -0.5670487 0.058927283 0.70475847 
410 -0.5682016 0.05858983 0.70622665 
411 -0.5688291 0.058406156 0.70702577 
412 -0.5714579 0.059468187 0.7078193 
413 -0.5734842 0.060286794 0.7084309 
414 -0.5760481 0.06132261 0.7092048 
415 -0.5780642 0.06213713 0.70981336 
416 -0.58083886 0.06325809 0.71065086 
417 -0.58285683 0.06407334 0.71125996 
418 -0.58585566 0.065284856 0.7121651 
419 -0.5859074 0.065724425 0.71315414 
420 -0.5859807 0.06634715 0.71455526 
421 -0.58603394 0.06679917 0.7155723 
422 -0.58610487 0.0674018 0.7169282 
423 -0.58616436 0.06790715 0.71806526 
424 -0.5862177 0.06836035 0.719085 
425 -0.5861834 0.067597404 0.71980023 
426 -0.58614445 0.06672945 0.72061396 
427 -0.58611196 0.06600671 0.72129154 
428 -0.58608216 0.0653434 0.7219134 
429 -0.5860483 0.06458939 0.7226203 
430 -0.5860022 0.06356272 0.7235828 
431 -0.5859745 0.06294683 0.7241602 
432 -0.58797765 0.063028365 0.7256192 
433 -0.58929324 0.06308191 0.7265774 
434 -0.5909178 0.06314804 0.7277607 
435 -0.592694 0.06322034 0.7290544 
436 -0.59415954 0.063279994 0.73012185 
437 -0.5962957 0.06336694 0.7316778 
438 -0.59800404 0.06343648 0.7329221 
439 -0.59855604 0.06347496 0.7338628 
440 -0.59910417 0.063513175 0.734797 
441 -0.5998664 0.06356631 0.7360961 
442 -0.6004104 0.063604236 0.7370233 
443 -0.6010916 0.063651726 0.7381844 
444 -0.6017524 0.06369779 0.7393106 
445 -0.6035853 0.06475297 0.74077773 
446 -0.60529876 0.065739386 0.74214923 
447 -0.60672104 0.06655818 0.7432877 
448 -0.60895956 0.06784684 0.7450794 
449 -0.6114188 0.06926258 0.74704784 
450 -0.6129617 0.07015081 0.74828285 
451 -0.61282194 0.069224484 0.74738675 
452 -0.61269146 0.06835988 0.7465504 
453 -0.61253726 0.067338 0.74556184 
454 -0.6124198 0.06655956 0.7448088 
455 -0.6122938 0.065724656 0.74400115 
456 -0.6121368 0.064684 0.7429944 
457 -0.6119729 0.06359799 0.74194384 
458 -0.6140849 0.06673989 0.74055326 
459 -0.6231536 0.059008658 0.7168377 
460 -0.62466544 0.05771983 0.71288425 
461 -0.62571836 0.056822203 0.71013075 
462 -0.62684345 0.05586302 0.7071884 
463 -0.6278869 0.05497346 0.7044597 
464 -0.6294894 0.05360729 0.700269 
465 -0.63140154 0.0541357 0.69837457 
466 -0.6334049 0.05468933 0.69638973 
467 -0.6361691 0.0554532 0.6936512 
468 -0.63882643 0.056187548 0.6910185 
469 -0.6407243 0.056712028 0.68913823 
470 -0.6429174 0.05731809 0.68696547 
471 -0.6427472 0.06112702 0.68269277 
472 -0.64262325 0.0639026 0.67957926 
473 -0.6425353 0.06587039 0.67737186 
474 -0.64238286 0.0692841 0.6735425 
475 -0.642272 0.07176599 0.6707584 
476 -0.6421528 0.074434206 0.6677653 
477 -0.64205617 0.07659775 0.66533834 
478 -0.6430221 0.07591882 0.6634233 
479 -0.643741 0.07541357 0.66199815 
480 -0.64479166 0.07467514 0.65991527 
481 -0.64547575 0.07419436 0.65855914 
482 -0.6477533 0.0725936 0.654044 
483 -0.64890313 0.07066972 0.65072376 
484 -0.64946914 0.06972266 0.64908934 
485 -0.6500184 0.0688036 0.64750326 
486 -0.6506846 0.06768894 0.6455796 
487 -0.6515068 0.06631322 0.6432054 
488 -0.65592605 0.06686493 0.6358214 
489 -0.6565976 0.06694877 0.6346993 
490 -0.6571207 0.067014076 0.6338253 
491 -0.6578106 0.067100205 0.63267255 
492 -0.65827954 0.067158744 0.6318891 
493 -0.66104376 0.06429106 0.6313884 
494 -0.6628337 0.062434137 0.6310642 
495 -0.6646129 0.060588323 0.6307419 
496 -0.66776824 0.057314847 0.63017035 
497 -0.66990846 0.05509454 0.6297827 
498 -0.66984886 0.061423708 0.6295386 
499 -0.6697965 0.0669781 0.6293244 
500 -0.6697366 0.073333606 0.6290792 
501 -0.6696632 0.08112811 0.6287786 
502 -0.6695976 0.088087924 0.6285101 
503 -0.66974294 0.08910103 0.62812376 
504 -0.6699664 0.09065866 0.62752974 
505 -0.67022175 0.09243867 0.6268509 
506 -0.67039335 0.09363508 0.6263946 
507 -0.67062205 0.09522945 0.6257866 
508 -0.6720121 0.094541565 0.62497187 
509 -0.67365515 0.09372849 0.62400883 
510 -0.6754898 0.09282059 0.6229335 
511 -0.6770415 0.09205271 0.622024 
512 -0.6782556 0.091451876 0.6213124 
513 -0.6800844 0.09339817 0.6193669 
514 -0.6818079 0.09523236 0.61753345 
515 -0.684538 0.098137945 0.61462903 
516 -0.6868218 0.10056854 0.6121994 
517 -0.68888867 0.1027682 0.61000067 
518 -0.69016033 0.10362692 0.6087754 
519 -0.6910927 0.104256526 0.607877 
520 -0.69228756 0.105063364 0.60672575 
521 -0.6931692 0.10565868 0.6058763 
522 -0.694188 0.10634666 0.60489464 
523 -0.69505626 0.10760507 0.60518914 
524 -0.69603974 0.10903049 0.60552275 
525 -0.6965719 0.10980176 0.6057033 
526 -0.697334 0.11090628 0.6059618 
527 -0.69927186 0.10755981 0.6125796 
528 -0.70101756 0.10454519 0.6185411 
529 -0.702482 0.10201628 0.6235422 
530 -0.7038386 0.09967355 0.6281751 
531 -0.7061369 0.09570463 0.6360238 
532 -0.7074802 0.09338481 0.64061135 
533 -0.70891553 0.094225086 0.64457566 
534 -0.71129596 0.09561864 0.6511502 
535 -0.7132809 0.096780695 0.6566326 
536 -0.71472937 0.097628675 0.6606332 
537 -0.7190914 0.100182325 0.672681 
538 -0.7209731 0.10128389 0.677878 
539 -0.7226109 0.098762795 0.68242663 
540 -0.72505367 0.09500258 0.68921083 
541 -0.72759986 0.09108322 0.6962822 
542 -0.72990066 0.08754158 0.70267206 
543 -0.73180217 0.08461459 0.707953 
544 -0.7341981 0.08092656 0.71460694 
545 -0.7328476 0.08089779 0.73407364 
546 -0.7315948 0.080871105 0.75213134 
547 -0.73026216 0.08084272 0.7713401 
548 -0.72898674 0.080815546 0.7897241 
549 -0.7276373 0.0807868 0.8091746 
550 -0.726363 0.08075966 0.827542 
551 -0.7309744 0.07882286 0.8532557 
552 -0.7367999 0.07637611 0.8857397 
553 -0.74278516 0.07386227 0.9191144 
554 -0.74924386 0.071149565 0.95512927 
555 -0.7549918 0.068735376 0.98718095 
556 -0.7596396 0.06678328 1.0130978 
557 -0.759753 0.07209254 1.0750272 
558 -0.75981396 0.07494979 1.1083555 
559 -0.7598563 0.07693282 1.1314864 
560 -0.75993794 0.08075679 1.1760908 
561 -0.75998354 0.08289269 1.2010049 
562 -0.7587522 0.08512857 1.2215655 
563 -0.75695956 0.08838379 1.2514998 
564 -0.7555237 0.09099118 1.2754768 
565 -0.75334775 0.094942406 1.3118114 
566 -0.75159764 0.09812038 1.3410355 
567 -0.75038165 0.100328505 1.361341 
568 -0.7521084 0.097396806 1.3872308 
569 -0.7538194 0.0944918 1.4128848 
570 -0.7563401 0.09021213 1.4506786 
571 -0.75811964 0.08719077 1.4773602 
572 -0.76120037 0.08196027 1.5235507 
573 -0.7647755 0.08780144 1.5611359 
574 -0.7695292 0.08844411 1.727048 
575 -0.77062654 0.088592455 1.7653471 
576 -0.77155954 0.088718586 1.7979105 
577 -0.7724389 0.08883747 1.8286008 
578 -0.7756919 0.08881807 1.8581644 
579 -0.7798919 0.08879303 1.8963335 
580 -0.7833682 0.088772304 1.9279253 
581 -0.7864359 0.08875401 1.9558045 
582 -0.78994447 0.08873309 1.9876899 
583 -0.79019266 0.09042124 2.0198255 
584 -0.79051787 0.092633076 2.0619302 
585 -0.790786 0.0944571 2.0966525 
586 -0.79099977 0.09591109 2.124331 
587 -0.7936282 0.0967375 2.1558857 
588 -0.7965708 0.09766264 2.1912107 
589 -0.7981714 0.09816588 2.210426 
590 -0.8005482 0.098913155 2.2389596 
591 -0.8030214 0.099690735 2.26865 
592 -0.80471283 0.10022254 2.2889562 
593 -0.8024947 0.10107086 2.3074708 
594 -0.8007386 0.101742476 2.322129 
595 -0.7982237 0.10270428 2.3431203 
596 -0.7959223 0.10358442 2.3623295 
597 -0.79323524 0.10461206 2.3847575 
598 -0.79105335 0.1054465 2.4029691 
599 -0.7898312 0.10644522 2.4106982 
600 -0.7890544 0.10708007 2.4156113 
601 -0.7883224 0.107678264 2.4202406 
602 -0.78748924 0.10835912 2.42551 
603 -0.7866501 0.10904485 2.430817 
604 -0.7856751 0.10984162 2.436983 
605 -0.7866269 0.104687154 2.4396183 
606 -0.7877266 0.09873138 2.4426632 
607 -0.7887779 0.09303759 2.445574 
608 -0.7901255 0.08573919 2.4493053 
609 -0.79174596 0.07696308 2.4537919 
610 -0.7926148 0.0722575 2.4561975 
611 -0.7966093 0.08062497 2.4584768 
612 -0.80008143 0.08789835 2.460458 
613 -0.804668 0.09750625 2.4630752 
614 -0.80847615 0.10548348 2.465248 
615 -0.812697 0.11432521 2.4676566 
616 -0.8168472 0.123018935 2.4700246 
617 -0.82227325 0.13438526 2.4731207 
618 -0.82365316 0.13433892 2.4714131 
619 -0.82458305 0.13430768 2.4702623 
620 -0.8261391 0.13425544 2.4683368 
621 -0.8270262 0.13422565 2.4672391 
622 -0.8284147 0.13417903 2.4655209 
623 -0.83129203 0.13386832 2.463028 
624 -0.83580667 0.13338083 2.4591167 
625 -0.838054 0.13313816 2.4571698 
626 -0.8408477 0.1328365 2.4547493 
627 -0.84302956 0.1326009 2.452859 
628 -0.8449606 0.13239239 2.451186 
629 -0.8477215 0.13209426 2.448794 
630 -0.84647113 0.1296703 2.4469566 
631 -0.8444983 0.12584567 2.444058 
632 -0.8429924 0.122926414 2.4418454 
633 -0.84118044 0.119413726 2.439183 
634 -0.84054863 0.119091675 2.423785 
635 -0.8395701 0.11859288 2.3999367 
636 -0.8389918 0.11829813 2.385844 
637 -0.83805597 0.1178211 2.3630362 
638 -0.8372833 0.11742725 2.3442054 
639 -0.8418114 0.117000006 2.3319623 
640 -0.8497171 0.11625407 2.310587 
641 -0.8551956 0.11573715 2.2957742 
642 -0.85976607 0.11530591 2.2834167 
643 -0.8632003 0.11608183 2.2692363 
644 -0.8664954 0.116826296 2.2556307 
645 -0.8703494 0.11769706 2.239717 
646 -0.8733613 0.11837755 2.2272806 
647 -0.87752146 0.11931749 2.2101028 
648 -0.8765511 0.12337614 2.2011197 
649 -0.87557125 0.12747438 2.1920488 
650 -0.87470967 0.13107792 2.184073 
651 -0.8739734 0.13415729 2.1772573 
652 -0.87310755 0.13777876 2.1692417 
653 -0.87365746 0.13416132 2.1628869 
654 -0.87425 0.1302637 2.1560397 
655 -0.87481755 0.12653041 2.1494813 
656 -0.87568563 0.12082 2.1394496 
657 -0.87643325 0.11590201 2.13081 
658 -0.87710196 0.111503065 2.1230822 
659 -0.87528896 0.110995136 2.1181898 
660 -0.87334293 0.11044995 2.1129386 
661 -0.8718907 0.11004309 2.1090198 
662 -0.8698021 0.10945796 2.1033838 
663 -0.867264 0.10874689 2.0965347 
664 -0.865649 0.10829444 2.0921767 
665 -0.8714467 0.111238174 2.096579 
666 -0.87749434 0.11430877 2.1011713 
667 -0.8839859 0.11760477 2.1061006 
668 -0.89271706 0.122037925 2.1127305 
669 -0.8985326 0.124990724 2.1171465 
670 -0.90393937 0.12773596 2.121252 
671 -0.90566546 0.1286079 2.1249266 
672 -0.9080477 0.12981129 2.129998 
673 -0.910087 0.13084146 2.1343393 
674 -0.91177726 0.1316953 2.1379375 
675 -0.9140076 0.13282198 2.1426857 
676 -0.9161739 0.13391629 2.1472974 
677 -0.91740596 0.12939803 2.148392 
678 -0.9183105 0.12608089 2.1491954 
679 -0.9192756 0.12254196 2.1500528 
680 -0.920701 0.11731458 2.151319 
681 -0.92227393 0.111546405 2.1527164 
682 -0.9232124 0.10810497 2.1535501 
683 -0.92282027 0.10741237 2.1536956 
684 -0.9223742 0.106624454 2.153861 
685 -0.9219934 0.10595183 2.1540022 
686 -0.9213788 0.10486631 2.15423 
687 -0.9245911 0.12167293 2.143943 
688 -0.92504525 0.12404878 2.142489 
689 -0.92544645 0.12614769 2.1412044 
690 -0.9341749 0.124980636 2.1394293 
691 -0.9398521 0.12422155 2.1382747 
692 -0.94400924 0.12366571 2.1374292 
693 -0.9491756 0.12297493 2.1363785 
694 -0.95525527 0.122162044 2.135142 
695 -0.9601114 0.12151275 2.1341546 
696 -0.9583412 0.12057828 2.1336517 
697 -0.95620126 0.11944864 2.133044 
698 -0.9542372 0.11841184 2.132486 
699 -0.95223504 0.11735489 2.1319175 
700 -0.950166 0.11626267 2.1313298 
701 -0.9473816 0.11479281 2.130539 
702 -0.9451832 0.11363229 2.1299145 
703 -0.9452918 0.11450794 2.131333 
704 -0.9454736 0.11597394 2.133708 
705 -0.9456071 0.11705062 2.135452 
706 -0.9457689 0.118355155 2.1375654 
707 -0.9459394 0.119730406 2.1397932 
708 -0.94605243 0.12064206 2.14127 
709 -0.9489601 0.12123072 2.1442587 
710 -0.9513661 0.12171782 2.1467319 
711 -0.953685 0.122187264 2.1491153 
712 -0.95622456 0.12270139 2.1517258 
713 -0.9579984 0.12306051 2.1535492 
714 -0.9609256 0.123653114 2.156558 
715 -0.96408147 0.12352585 2.159741 
716 -0.96843153 0.12335043 2.1641283 
717 -0.97196597 0.1232079 2.1676931 
718 -0.97572684 0.12305623 2.1714864 
719 -0.9796771 0.12289693 2.1754706 
720 -0.9829994 0.122762956 2.1788213 
721 -0.9833176 0.12106328 2.1835866 
722 -0.98368806 0.11908466 2.189134 
723 -0.98402274 0.117297135 2.1941454 
724 -0.98441344 0.115210496 2.1999955 
725 -0.9847792 0.11325716 2.2054718 
726 -0.9851198 0.11143795 2.210572 
727 -0.98537755 0.11006158 2.2144308 
728 -0.98217654 0.10895784 2.217718 
729 -0.9794401 0.10801428 2.220528 
730 -0.976059 0.106848456 2.2239997 
731 -0.97313285 0.105839476 2.2270045 
732 -0.9704809 0.10492506 2.2297277 
733 -0.96793264 0.10404638 2.2323444 
734 -0.97539955 0.110427395 2.2352066 
735 -0.9825866 0.116569236 2.2379615 
736 -0.98705393 0.12038686 2.2396739 
737 -0.99417984 0.12647647 2.2424052 
738 -0.9998692 0.13133846 2.244586 
739 -1.0047113 0.13547629 2.246442 
740 -1.010833 0.13773759 2.261111 
741 -1.0166343 0.13988048 2.275012 
742 -1.0213457 0.14162078 2.2863014 
743 -1.0271995 0.14378308 2.3003283 
744 -1.0315807 0.14540142 2.3108265 
745 -1.0360575 0.14705506 2.3215537 
746 -1.0341707 0.14102381 2.3711665 
747 -1.0326769 0.13624865 2.410447 
748 -1.0313358 0.13196178 2.4457104 
749 -1.0296715 0.12664178 2.4894724 
750 -1.0282784 0.12218826 2.5261068 
751 -1.0245907 0.13631201 2.5726998 
752 -1.0217825 0.14706744 2.608181 
753 -1.018413 0.15997273 2.6507542 
754 -1.0135667 0.17853364 2.7119849 
755 -1.0163486 0.18039562 2.7265797 
756 -1.0189152 0.1821135 2.740045 
757 -1.0218995 0.18411095 2.755702 
758 -1.025128 0.18627195 2.7726407 
759 -1.0272617 0.18770014 2.7838354 
760 -1.0300857 0.188644 2.790972 
761 -1.0315717 0.1891407 2.7947276 
762 -1.0347759 0.19021165 2.802825 
763 -1.0367225 0.1908623 2.8077445 
764 -1.0390657 0.19164547 2.813666 
765 -1.0399946 0.18681048 2.8161354 
766 -1.0415895 0.17850861 2.8203754 
767 -1.0429701 0.1713223 2.8240457 
768 -1.0448369 0.16160506 2.8290086 
769 -1.0462148 0.16751543 2.839461 
770 -1.0475047 0.1730477 2.8492448 
771 -1.0490887 0.17984231 2.8612611 
772 -1.0501611 0.18444209 2.869396 
773 -1.0496033 0.17504625 2.879243 
774 -1.0486909 0.15967627 2.895351 
775 -1.0479887 0.14784527 2.9077501 
776 -1.0475937 0.14119206 2.914723 
777 -1.0481498 0.15394339 2.9171653 
778 -1.04865 0.16541106 2.9193616 
779 -1.0492537 0.17925297 2.9220128 
780 -1.0497828 0.19138336 2.9243362 
781 -1.0527036 0.18376896 2.9254222 
782 -1.0562314 0.1745723 2.926734 
783 -1.0595877 0.16582254 2.9279819 
784 -1.0620073 0.15951487 2.9288816 
785 -1.0654974 0.1504165 2.9301794 
786 -1.0636152 0.15364316 2.93443 
787 -1.0620415 0.15634096 2.9379838 
788 -1.0601557 0.1595739 2.9422426 
789 -1.057707 0.163772 2.9477727 
790 -1.0678077 0.16290346 2.9578993 
791 -1.0753697 0.16225322 2.9654808 
792 -1.0856819 0.16136648 2.9758193 
793 -1.0938587 0.16066337 2.9840171 
794 -1.0991607 0.16020745 2.9893327 
795 -1.1080129 0.1622241 3.0093958 
796 -1.1123914 0.16322155 3.0193193 
797 -1.1177859 0.16445051 3.0315459 
798 -1.1225461 0.16553493 3.0423346 
799 -1.1270351 0.16655758 3.0525086 
800 -1.1322995 0.16775687 3.06444 
801 -1.129819 0.16999888 3.0928016 
802 -1.1249499 0.17439976 3.1484728 
803 -1.1215295 0.17749126 3.1875803 
804 -1.1154433 0.18299216 3.2571669 
805 -1.1155499 0.18248165 3.2812676 
806 -1.1156387 0.1820565 3.301338 
807 -1.1158329 0.18112645 3.3452442 
808 -1.1128306 0.16967246 3.394464 
809 -1.1119983 0.16649708 3.4081092 
810 -1.1119704 0.17197981 3.4214334 
811 -1.1119572 0.17458573 3.4277663 
812 -1.1119405 0.17786443 3.4357343 
813 -1.1119207 0.1817674 3.4452193 
814 -1.1118999 0.18587157 3.4551933 
815 -1.1134392 0.18047059 3.4644058 
816 -1.1152198 0.17422293 3.4750626 
817 -1.1159612 0.17162164 3.4794996 
818 -1.1196103 0.170177 3.484877 
819 -1.1222112 0.16914733 3.48871 
820 -1.1246657 0.16817561 3.4923272 
821 -1.1288408 0.16652271 3.49848 
822 -1.1315212 0.16546154 3.5024302 
823 -1.1349592 0.16713315 3.5067794 
824 -1.1380128 0.16861786 3.5106425 
825 -1.1409112 0.17002717 3.5143094 
826 -1.1440737 0.17156483 3.51831 
827 -1.1503567 0.173198 3.5234413 
828 -1.1549813 0.17440012 3.5272183 
829 -1.1635865 0.17663698 3.5342462 
830 -1.16985 0.17826511 3.5393617 
831 -1.1767428 0.18005683 3.544991 
832 -1.1770155 0.18041557 3.546262 
833 -1.1777726 0.18141142 3.5497904 
834 -1.178253 0.1820433 3.5520291 
835 -1.1785442 0.18242614 3.5533855 
836 -1.1847157 0.18526345 3.5597005 
837 -1.189742 0.18757421 3.5648434 
838 -1.1947254 0.18986526 3.5699425 
839 -1.1997869 0.19219224 3.5751216 
840 -1.2041339 0.1941907 3.5795696 
841 -1.2054869 0.19453588 3.5767643 
842 -1.2061718 0.19471061 3.5753443 
843 -1.2070874 0.19494422 3.5734458 
844 -1.2082043 0.19522914 3.5711303 
845 -1.2074964 0.19539693 3.573035 
846 -1.2062802 0.19568522 3.5763075 
847 -1.20531 0.1959152 3.5789182 
848 -1.2043189 0.19615014 3.5815852 
849 -1.2033048 0.19639052 3.5843139 
850 -1.2099925 0.18915357 3.5918415 
851 -1.2160709 0.1825761 3.598683 
852 -1.2229095 0.17517602 3.6063805 
853 -1.222472 0.17914826 3.6084938 
854 -1.2215496 0.18752344 3.6129496 
855 -1.221168 0.19098839 3.614793 
856 -1.2204025 0.19794044 3.6184916 
857 -1.2212353 0.19713 3.6193495 
858 -1.2220505 0.19633663 3.6201892 
859 -1.2228632 0.19554585 3.621026 
860 -1.2234693 0.19495606 3.6216502 
861 -1.2269703 0.19717479 3.6236837 
862 -1.230369 0.1993286 3.6256578 
863 -1.2339513 0.20159882 3.6277385 
864 -1.2357924 0.20276552 3.6288078 
865 -1.2325976 0.20246461 3.6356518 
866 -1.2306304 0.20227933 3.639866 
867 -1.2276812 0.20200154 3.6461842 
868 -1.2298418 0.20158821 3.6511188 
869 -1.2316318 0.2012458 3.6552067 
870 -1.2337677 0.2008372 3.660085 
871 -1.2357318 0.20046146 3.6645708 
872 -1.2365665 0.20240134 3.667273 
873 -1.2377912 0.20524733 3.6712375 
874 -1.2387688 0.20751917 3.674402 
875 -1.2399657 0.21030056 3.6782763 
876 -1.2421969 0.20990561 3.6810527 
877 -1.2443929 0.2095169 3.683785 
878 -1.2465963 0.20912685 3.6865268 
879 -1.2488161 0.2087339 3.6892889 
880 -1.2497615 0.20857352 3.6901526 
881 -1.2513698 0.20830064 3.6916223 
882 -1.2521183 0.20817363 3.6923063 
883 -1.2527575 0.2080652 3.6928904 
884 -1.2535242 0.20793512 3.6935909 
885 -1.2603863 0.21136764 3.6955552 
886 -1.265385 0.21386802 3.696986 
887 -1.2698964 0.21612464 3.6982772 
888 -1.274438 0.21839638 3.6995773 
889 -1.2799952 0.22117612 3.701168 
890 -1.2804221 0.22038709 3.7031586 
891 -1.2807764 0.21973222 3.7048109 
892 -1.2812202 0.21891178 3.7068808 
893 -1.2818153 0.21781176 3.709656 
894 -1.2822816 0.21694972 3.7118309 
895 -1.2859517 0.2195333 3.713802 
896 -1.2887353 0.22149277 3.7152972 
897 -1.2927849 0.22434352 3.7174723 
898 -1.2972332 0.22747487 3.7198615 
899 -1.2988503 0.2229985 3.7267501 
900 -1.2998581 0.22020882 3.731043 
901 -1.3009506 0.21718433 3.7356975 
902 -1.3019624 0.21438386 3.7400072 
903 -1.3031735 0.2110312 3.7451665 
904 -1.30574 0.21134475 3.7564993 
905 -1.3088701 0.21172714 3.7703207 
906 -1.3114895 0.21204714 3.7818868 
907 -1.3145857 0.21242541 3.7955587 
908 -1.3147106 0.21361613 3.7983122 
909 -1.314892 0.21534644 3.8023136 
910 -1.3150297 0.21665941 3.8053498 
911 -1.3151625 0.21792535 3.8082774 
912 -1.3152795 0.2190408 3.8108568 
913 -1.3154607 0.22076876 3.8148527 
914 -1.3155903 0.22200449 3.8177104 
915 -1.3163328 0.2213629 3.8198168 
916 -1.3169559 0.22082454 3.8215842 
917 -1.3177472 0.22014081 3.823829 
918 -1.3183222 0.21964408 3.8254597 
919 -1.3190625 0.21900451 3.8275595 
920 -1.319811 0.21835782 3.8296826 
921 -1.3204086 0.21905476 3.8313565 
922 -1.3209068 0.21963578 3.8327522 
923 -1.321552 0.22038826 3.8345597 
924 -1.3221934 0.22113615 3.8363562 
925 -1.3227398 0.22177349 3.837887 
926 -1.3233652 0.22250277 3.8396387 
927 -1.3252639 0.22358073 3.8404415 
928 -1.3278493 0.22504866 3.8415346 
929 -1.329596 0.22604044 3.842273 
930 -1.3324741 0.22767448 3.8434896 
931 -1.3340896 0.22859171 3.8441727 
932 -1.3361304 0.2297504 3.8450356 
933 -1.3371286 0.23024501 3.850788 
934 -1.3389 0.23112269 3.8609958 
935 -1.3407252 0.23202708 3.871514 
936 -1.3421093 0.2327129 3.8794901 
937 -1.3435615 0.23343246 3.8878589 
938 -1.3448685 0.23408009 3.895391 
939 -1.3446237 0.23659934 3.9112883 
940 -1.344433 0.23856243 3.923676 
941 -1.3441204 0.24177846 3.9439702 
942 -1.3438098 0.24497388 3.9641345 
943 -1.3435903 0.24723372 3.9783947 
944 -1.3440375 0.24976197 4.0035825 
945 -1.3442925 0.25120333 4.017942 
946 -1.3446637 0.25330186 4.0388484 
947 -1.3450315 0.2553807 4.0595584 
948 -1.3453122 0.25696784 4.0753703 
949 -1.3456802 0.25904787 4.0960927 
950 -1.3456875 0.25939497 4.1147013 
951 -1.3456937 0.25969014 4.130525 
952 -1.3457003 0.26000434 4.14737 
953 -1.3457085 0.2603955 4.16834 
954 -1.3457178 0.26083815 4.192072 
955 -1.3456985 0.26388502 4.2114177 
956 -1.3456786 0.26701906 4.2313166 
957 -1.3456607 0.26983833 4.249217 
958 -1.3456357 0.2737765 4.274222 
959 -1.3456186 0.27645606 4.2912354 
960 -1.3476793 0.2760516 4.311463 
961 -1.3495369 0.275687 4.3296976 
962 -1.351672 0.27526793 4.350657 
963 -1.3536116 0.27488723 4.369696 
964 -1.3555384 0.27450904 4.38861 
965 -1.3576705 0.27409053 4.4095397 
966 -1.3600918 0.2722964 4.432448 
967 -1.3620603 0.27083772 4.4510727 
968 -1.3643107 0.26917017 4.472365 
969 -1.3668888 0.2672599 4.4967556 
970 -1.3693478 0.2654378 4.5200205 
971 -1.3703021 0.26504174 4.537151 
972 -1.3714486 0.26456586 4.5577335 
973 -1.3726499 0.26406726 4.5792985 
974 -1.3737398 0.2636149 4.5988646 
975 -1.3746624 0.26323196 4.615427 
976 -1.3783407 0.26733658 4.644898 
977 -1.3802663 0.26948532 4.660326 
978 -1.3834143 0.27299806 4.6855474 
979 -1.3864993 0.27644065 4.710265 
980 -1.3888232 0.27903387 4.728884 
981 -1.3908943 0.28132114 4.7547517 
982 -1.3926349 0.2832433 4.7764897 
983 -1.3946626 0.28548265 4.8018155 
984 -1.3961235 0.28709602 4.8200617 
985 -1.397692 0.2888282 4.839651 
986 -1.3990383 0.29031506 4.8564663 
987 -1.3990571 0.28771105 4.8665595 
988 -1.3990712 0.28576854 4.874089 
989 -1.3990853 0.28381512 4.8816605 
990 -1.3991027 0.28141135 4.8909774 
991 -1.3991157 0.2796187 4.897926 
992 -1.3991356 0.2768616 4.9086123 
993 -1.3990396 0.27942812 4.9112515 
994 -1.3989646 0.28143355 4.913314 
995 -1.3988639 0.28413022 4.9160867 
996 -1.3987653 0.28676793 4.918799 
997 -1.3986943 0.28867033 4.9207554 
998 -1.401515 0.28396028 4.9224663 
999 -1.4031619 0.28121024 4.9234653 
1000 -1.4047976 0.27847892 4.924457 
1001 -1.4067141 0.27527875 4.925619 
